ATTITUDE 5504.952525 41.110284 -3.175182 37.268877
ACCEL 5504.952558 0.001465 0.166718 0.985352
GYRO 5504.952578 -0.054754 -0.145552 -0.007587
MAGNETO 5504.952596 300.303101 -274.851929 -750.983337
ATTITUDE 5505.049903 40.647403 -3.219505 37.733280
ACCEL 5505.049969 -0.001938 0.167358 0.970581
GYRO 5505.049990 0.138164 -0.225446 0.055572
MAGNETO 5505.050010 300.127899 -276.074280 -750.814575
ATTITUDE 5505.149931 40.640708 -3.982998 38.356996
ACCEL 5505.149996 0.006454 0.166855 0.989883
GYRO 5505.150018 0.079700 -0.040424 0.065261
MAGNETO 5505.150038 300.127899 -273.629578 -751.152100
ATTITUDE 5505.249482 27.736979 -2.163965 37.505681
ACCEL 5505.249540 0.010712 0.175247 0.993362
GYRO 5505.249561 0.057307 0.045718 0.086683
MAGNETO 5505.249579 299.952698 -274.851929 -751.995911
ATTITUDE 5505.349916 21.703155 -1.749233 37.609254
ACCEL 5505.349961 0.012817 0.153030 0.998779
GYRO 5505.349980 0.006185 0.060636 0.060997
MAGNETO 5505.350001 300.653503 -272.756500 -751.995911
ATTITUDE 5505.449906 18.084866 -1.328210 37.771935
ACCEL 5505.449962 -0.004150 0.149811 0.985367
GYRO 5505.449983 -0.049765 0.032063 0.116570
MAGNETO 5505.450001 300.303101 -274.502686 -750.983337
ATTITUDE 5505.549531 16.058676 -1.098937 38.079497
ACCEL 5505.549596 0.020538 0.158707 0.979843
GYRO 5505.549618 0.005073 0.039380 0.060985
MAGNETO 5505.549638 300.478302 -274.677307 -751.152100
ATTITUDE 5505.649264 14.641464 -1.060365 38.277985
ACCEL 5505.649314 0.010635 0.154373 1.004303
GYRO 5505.649335 -0.049125 0.042584 0.008553
MAGNETO 5505.649353 299.427063 -274.328064 -750.814575
ATTITUDE 5505.749363 13.218174 -0.745315 38.392155
ACCEL 5505.749405 0.008499 0.148483 0.999481
GYRO 5505.749423 -0.020401 0.010674 0.020316
MAGNETO 5505.749440 299.602295 -272.407257 -749.970764
ATTITUDE 5505.849393 12.354538 -0.604727 38.362146
ACCEL 5505.849434 0.001221 0.153259 1.009811
GYRO 5505.849452 -0.025724 0.008551 0.016034
MAGNETO 5505.849469 300.653503 -272.756500 -752.333374
ATTITUDE 5505.950092 11.786955 -0.508770 38.282314
ACCEL 5505.950198 0.007797 0.155579 0.988998
GYRO 5505.950254 0.020467 0.004200 -0.026726
MAGNETO 5505.950307 299.602295 -274.502686 -750.983337
ATTITUDE 5506.050338 11.323851 -0.459888 38.120912
ACCEL 5506.050524 0.001770 0.156723 0.991257
GYRO 5506.050672 -0.045808 0.055320 -0.006412
MAGNETO 5506.050736 300.828735 -273.629578 -751.489624
ATTITUDE 5506.150051 10.998454 -0.481002 38.111342
ACCEL 5506.150180 0.003571 0.156555 0.998184
GYRO 5506.150242 -0.052233 0.091480 0.008576
MAGNETO 5506.150297 302.055176 -273.105743 -750.645813
ATTITUDE 5506.250120 10.706964 -0.427293 38.076020
ACCEL 5506.250251 -0.008011 0.143036 0.991547
GYRO 5506.250358 -0.026461 0.146715 0.006477
MAGNETO 5506.250428 299.952698 -273.454956 -750.983337
ATTITUDE 5506.350117 10.451211 -0.261142 38.041732
ACCEL 5506.350249 -0.002823 0.163361 0.985413
GYRO 5506.350309 -0.032079 0.089355 0.034254
MAGNETO 5506.350365 300.303101 -275.899658 -749.633240
ATTITUDE 5506.449707 10.259613 -0.249796 38.079520
ACCEL 5506.449959 0.007797 0.150528 0.999268
GYRO 5506.450170 -0.016751 0.066945 -0.037408
MAGNETO 5506.450230 298.025421 -274.677307 -751.489624
ATTITUDE 5506.550099 10.034691 -0.267951 37.591852
ACCEL 5506.550268 0.052811 0.120682 0.987823
GYRO 5506.550399 0.019712 0.100716 -0.234166
MAGNETO 5506.550529 300.653503 -274.502686 -751.320862
ATTITUDE 5506.650139 9.883892 -0.061860 35.384905
ACCEL 5506.650271 0.125626 0.121292 0.996948
GYRO 5506.650333 -0.078882 -0.001554 -0.595767
MAGNETO 5506.650397 299.777466 -274.328064 -751.152100
ATTITUDE 5506.750061 9.685607 -0.308824 29.745970
ACCEL 5506.750193 0.230499 0.088669 1.064011
GYRO 5506.750253 0.087833 -0.134340 -1.387201
MAGNETO 5506.750308 302.055176 -273.105743 -751.320862
ATTITUDE 5506.849999 10.027320 -0.106221 21.598222
ACCEL 5506.850302 0.166901 0.041229 1.029434
GYRO 5506.850368 0.090643 -0.168852 -1.889895
MAGNETO 5506.850600 302.405579 -270.311829 -751.995911
ATTITUDE 5506.950124 10.782893 -0.047946 9.126293
ACCEL 5506.950253 0.137955 0.026001 1.048279
GYRO 5506.950311 0.218495 -0.401977 -2.088880
MAGNETO 5506.950368 302.055176 -267.168640 -750.983337
ATTITUDE 5507.050652 11.953457 -0.642733 -2.318084
ACCEL 5507.050850 0.129578 -0.010880 1.041565
GYRO 5507.050924 0.295650 -0.477783 -2.338080
MAGNETO 5507.050981 303.281616 -265.597076 -751.827148
ATTITUDE 5507.149828 13.497186 -0.838857 -16.430090
ACCEL 5507.150006 0.059921 0.010391 0.944778
GYRO 5507.150224 0.147996 -0.640430 -2.552140
MAGNETO 5507.150306 300.303101 -264.025513 -753.683472
ATTITUDE 5507.250133 13.582063 -1.228216 -33.664806
ACCEL 5507.250258 -0.111526 -0.016190 1.076843
GYRO 5507.250318 0.088224 -0.696720 -2.585354
MAGNETO 5507.250375 298.726257 -259.310760 -754.527283
ATTITUDE 5507.350027 14.521630 -1.287339 -46.577946
ACCEL 5507.350154 -0.127625 0.084824 0.990494
GYRO 5507.350216 -0.057299 -0.802463 -2.218631
MAGNETO 5507.350274 295.222107 -258.961517 -755.202332
ATTITUDE 5507.450887 13.783728 -1.188232 -61.143361
ACCEL 5507.451345 -0.222794 0.162582 0.973373
GYRO 5507.451418 -0.185634 -0.094172 -1.955237
MAGNETO 5507.451540 291.893219 -256.342224 -756.046143
ATTITUDE 5507.549798 13.074165 0.060958 -71.361796
ACCEL 5507.550021 -0.218979 0.179382 1.021408
GYRO 5507.550095 -0.060583 -0.137184 -1.225778
MAGNETO 5507.550152 289.265137 -254.421402 -752.839722
ATTITUDE 5507.650115 12.355255 1.443307 -77.075924
ACCEL 5507.650243 -0.174561 0.193832 0.986252
GYRO 5507.650305 -0.046960 0.237659 -0.487609
MAGNETO 5507.650362 290.491577 -254.945251 -755.708618
ATTITUDE 5507.750055 12.597181 3.466772 -79.169661
ACCEL 5507.750346 -0.167267 0.235886 0.964172
GYRO 5507.750415 0.015134 0.128603 0.015045
MAGNETO 5507.750485 289.965942 -253.722916 -753.852234
ATTITUDE 5507.850097 12.822160 4.633371 -79.007121
ACCEL 5507.850321 -0.088760 0.112015 1.140366
GYRO 5507.850468 -0.359737 -0.043033 0.097126
MAGNETO 5507.850536 291.192383 -254.596008 -755.371094
ATTITUDE 5507.950017 12.845149 5.542487 -77.087871
ACCEL 5507.950141 -0.054306 0.216003 0.876465
GYRO 5507.950204 -0.041454 0.199207 0.403291
MAGNETO 5507.950258 291.192383 -253.548294 -754.358521
ATTITUDE 5508.049771 12.242412 5.305099 -74.683751
ACCEL 5508.050092 0.002319 0.140976 1.080246
GYRO 5508.050191 -0.058854 -0.103742 0.349654
MAGNETO 5508.050251 291.542786 -251.452850 -755.033569
ATTITUDE 5508.150129 11.650827 4.556327 -72.088886
ACCEL 5508.150258 0.077438 0.204727 0.909134
GYRO 5508.150319 0.071619 -0.145386 0.319752
MAGNETO 5508.150375 292.769226 -253.373672 -753.852234
ATTITUDE 5508.250097 11.188962 4.113293 -71.227996
ACCEL 5508.250223 0.001907 0.156494 0.948563
GYRO 5508.250284 0.093840 -0.227429 0.143250
MAGNETO 5508.250340 294.346100 -253.199051 -754.020996
